9 0.803717 0.304932 0.006944 0.045410
9 0.802492 0.342773 0.006127 0.032227
9 0.804739 0.376465 0.008170 0.036133
9 0.807394 0.416504 0.007761 0.045898
9 0.810049 0.453613 0.007353 0.030273
9 0.810866 0.490967 0.008170 0.045410
9 0.809845 0.537354 0.008578 0.049316
9 0.812500 0.587646 0.009804 0.054199
9 0.815768 0.636475 0.008987 0.045410
9 0.819649 0.675049 0.009395 0.033691
9 0.832108 0.656982 0.008170 0.031738
9 0.836806 0.687256 0.007761 0.032715
9 0.842116 0.717529 0.009395 0.030762
9 0.826185 0.440918 0.007761 0.034180
9 0.687092 0.283691 0.008987 0.097656
9 0.681781 0.389404 0.008170 0.117676
9 0.684028 0.500977 0.007761 0.108398
9 0.685662 0.594727 0.008578 0.083008
9 0.686479 0.666504 0.010212 0.062500
9 0.687908 0.753418 0.009804 0.113281
9 0.548407 0.330078 0.007761 0.094727
9 0.541871 0.447998 0.008578 0.144043
9 0.542075 0.551270 0.008987 0.065430
9 0.430964 0.310791 0.007353 0.102051
9 0.432394 0.385742 0.010212 0.048828
9 0.436275 0.427246 0.010621 0.037109
9 0.435458 0.500488 0.009804 0.076172
9 0.437500 0.568115 0.010621 0.061035
9 0.435662 0.704590 0.006944 0.096680
9 0.541462 0.692627 0.008578 0.090332
9 0.303717 0.375244 0.010212 0.125488
9 0.307598 0.490234 0.012255 0.109375
9 0.308415 0.611328 0.013072 0.133789
9 0.309845 0.723145 0.010212 0.092773
9 0.180351 0.352051 0.007761 0.062500
9 0.180147 0.428223 0.010621 0.070312
9 0.181781 0.489258 0.010621 0.054688
9 0.183619 0.562744 0.009395 0.055176
9 0.182394 0.654297 0.006127 0.042969
9 0.041871 0.480713 0.010212 0.118652
9 0.046364 0.735840 0.013480 0.181641
