9 0.939951 0.662842 0.042484 0.250488
9 0.910948 0.898193 0.027778 0.203613
9 0.811275 0.604736 0.045752 0.217285
9 0.791258 0.792725 0.026961 0.152832
9 0.766953 0.943359 0.032271 0.113281
9 0.681373 0.581787 0.041667 0.229980
9 0.654412 0.830566 0.049020 0.245117
9 0.540441 0.651367 0.040033 0.233398
9 0.517361 0.880615 0.046160 0.222168
9 0.412377 0.635742 0.037173 0.260742
9 0.391136 0.885254 0.046977 0.225586
9 0.260212 0.851318 0.045752 0.282715
9 0.153391 0.703857 0.047794 0.249512
9 0.028799 0.726318 0.034722 0.219238
