9 0.865400 0.415771 0.010212 0.063965
9 0.872958 0.460449 0.015523 0.027344
9 0.877451 0.503418 0.012255 0.060547
9 0.877451 0.566895 0.017157 0.069336
9 0.880719 0.623291 0.014706 0.046387
9 0.885417 0.676025 0.016748 0.062012
9 0.885008 0.725342 0.008578 0.023926
9 0.795343 0.821533 0.008987 0.089355
9 0.732230 0.357422 0.013480 0.083008
9 0.739583 0.419434 0.011029 0.045898
9 0.733864 0.458740 0.016748 0.039551
9 0.734681 0.522461 0.020016 0.088867
9 0.740809 0.606201 0.011029 0.082520
9 0.741013 0.686523 0.012255 0.080078
9 0.738358 0.778076 0.008578 0.107910
9 0.583333 0.469238 0.017157 0.088867
9 0.580065 0.624512 0.009804 0.227539
9 0.427288 0.471680 0.009804 0.136719
9 0.426471 0.603027 0.008987 0.128906
9 0.433211 0.661377 0.013480 0.165527
9 0.433211 0.774170 0.008578 0.062012
9 0.272263 0.603271 0.015114 0.246582
9 0.274918 0.761475 0.013072 0.072754
9 0.110294 0.593262 0.010621 0.217773
