9 0.971201 0.348145 0.037173 0.395508
9 0.850490 0.345947 0.028595 0.248535
9 0.861315 0.556396 0.031454 0.170410
9 0.809641 0.687256 0.042484 0.216309
9 0.780433 0.904297 0.045343 0.191406
9 0.928105 0.807861 0.040033 0.201660
9 0.651348 0.867676 0.049428 0.229492
9 0.724265 0.138672 0.051471 0.249023
9 0.695874 0.436279 0.047794 0.312988
9 0.577819 0.214600 0.031454 0.236816
9 0.506944 0.839355 0.040850 0.240234
9 0.371528 0.904785 0.044526 0.177734
9 0.399714 0.719971 0.031454 0.182129
9 0.431373 0.429688 0.044118 0.184570
9 0.462010 0.221436 0.028595 0.204590
9 0.245098 0.820801 0.066176 0.335938
9 0.316176 0.311768 0.040033 0.169434
9 0.033292 0.418701 0.047794 0.223145
9 0.197712 0.184570 0.035948 0.195312
9 0.202002 0.444580 0.051062 0.202637
9 0.173611 0.606689 0.027778 0.152832
