9 0.756944 0.104492 0.062908 0.206055
9 0.821691 0.310791 0.143382 0.184082
9 0.919526 0.520508 0.158497 0.233398
9 0.617851 0.493164 0.059232 0.311523
9 0.603554 0.238525 0.047794 0.190918
9 0.621936 0.075195 0.049428 0.147461
9 0.420547 0.172363 0.065768 0.341797
9 0.446283 0.457764 0.098448 0.205566
9 0.545956 0.686279 0.074755 0.216309
9 0.482435 0.663330 0.053922 0.199707
9 0.524918 0.831543 0.049020 0.180664
9 0.554943 0.944824 0.035539 0.110352
9 0.601716 0.898193 0.056373 0.203613
9 0.350694 0.534668 0.044526 0.101562
9 0.283292 0.372070 0.087010 0.163086
9 0.210580 0.311768 0.046160 0.077637
9 0.170139 0.244873 0.062500 0.056152
9 0.224673 0.238525 0.056373 0.060059
9 0.118873 0.169922 0.053922 0.075195
