10 0.445670 0.880127 0.003268 0.005371
10 0.412582 0.652100 0.031863 0.018066
10 0.414216 0.670166 0.023693 0.020996
10 0.455474 0.651367 0.035948 0.018555
10 0.458742 0.669678 0.013072 0.018066
10 0.475082 0.652344 0.004902 0.006836
10 0.303309 0.663086 0.005310 0.006836
9 0.164011 0.058105 0.020016 0.115234
9 0.159518 0.168701 0.020833 0.112793
9 0.156250 0.264648 0.021650 0.086914
9 0.150735 0.339355 0.023693 0.066406
9 0.149101 0.420410 0.021242 0.098633
9 0.143791 0.502686 0.017157 0.069824
9 0.138276 0.569336 0.015931 0.069336
9 0.133987 0.645508 0.017974 0.087891
9 0.126838 0.727783 0.020016 0.083496
9 0.121119 0.813721 0.018382 0.095215
9 0.114992 0.898193 0.015114 0.077637
9 0.109273 0.967285 0.010212 0.065430
9 0.028186 0.817139 0.010621 0.097168
9 0.011029 0.343994 0.009804 0.104980
9 0.007761 0.437988 0.010621 0.085938
9 0.005106 0.523193 0.009395 0.090332
9 0.739379 0.044678 0.015523 0.088379
9 0.731822 0.127197 0.015931 0.080566
9 0.725082 0.201172 0.012255 0.072266
9 0.718137 0.269043 0.012255 0.069336
9 0.711806 0.342285 0.011846 0.084961
9 0.704861 0.418701 0.011846 0.074707
9 0.697712 0.491455 0.011438 0.077637
9 0.689951 0.574463 0.012255 0.093262
9 0.683007 0.657959 0.013072 0.082520
9 0.674224 0.744385 0.013480 0.096191
9 0.666258 0.837646 0.014706 0.096191
9 0.657884 0.918945 0.012663 0.073242
9 0.651348 0.975586 0.011846 0.048828
9 0.413194 0.460449 0.011846 0.200195
9 0.409722 0.603516 0.011438 0.090820
9 0.429126 0.762939 0.014297 0.053223
9 0.421569 0.808105 0.012255 0.041992
9 0.403799 0.746094 0.011846 0.136719
9 0.399101 0.843994 0.010621 0.068848
9 0.389910 0.751221 0.011029 0.109863
9 0.383578 0.901611 0.015523 0.196777
9 0.831495 0.162598 0.015931 0.117188
9 0.827410 0.301025 0.012663 0.163574
9 0.821078 0.451660 0.015523 0.144531
9 0.901961 0.707764 0.013072 0.185059
9 0.812500 0.697510 0.021242 0.162598
9 0.811275 0.837646 0.013072 0.120605
9 0.794118 0.920898 0.013072 0.158203
9 0.855392 0.929688 0.013889 0.084961
9 0.482639 0.098145 0.015114 0.194336
9 0.474877 0.312988 0.011029 0.146484
9 0.467525 0.510742 0.017565 0.254883
9 0.204861 0.954834 0.020016 0.090332
9 0.214869 0.846436 0.021242 0.129395
9 0.222426 0.728760 0.024101 0.110840
9 0.233047 0.600098 0.027369 0.151367
9 0.245711 0.446777 0.031454 0.160156
9 0.259191 0.268799 0.037173 0.204590
9 0.273080 0.085205 0.027369 0.169434
9 0.493464 0.859131 0.013072 0.048340
9 0.486315 0.913330 0.011846 0.066895
