9 0.865809 0.421875 0.011846 0.067383
9 0.872549 0.461182 0.013889 0.022949
9 0.876430 0.501709 0.011846 0.060059
9 0.876021 0.554932 0.015114 0.048340
9 0.878676 0.597900 0.013889 0.038574
9 0.881127 0.636963 0.013072 0.040527
9 0.884191 0.678223 0.012663 0.045898
9 0.884600 0.725830 0.006944 0.024902
9 0.792892 0.811768 0.008987 0.083496
9 0.731209 0.354980 0.008170 0.079102
9 0.739583 0.412842 0.010212 0.058105
9 0.733456 0.491943 0.018382 0.104004
9 0.735498 0.561768 0.017565 0.037598
9 0.740400 0.619873 0.011029 0.082520
9 0.739379 0.678711 0.013072 0.038086
9 0.739992 0.718262 0.011846 0.042969
9 0.738154 0.785156 0.007353 0.092773
9 0.587214 0.462891 0.006944 0.088867
9 0.579453 0.591064 0.006944 0.258301
9 0.588644 0.660156 0.006536 0.058594
9 0.426471 0.459961 0.008987 0.113281
9 0.425654 0.546631 0.008170 0.062012
9 0.431373 0.629395 0.018791 0.109375
9 0.434641 0.713623 0.015523 0.062012
9 0.432598 0.778564 0.008170 0.073730
9 0.266953 0.534912 0.006127 0.183105
9 0.276757 0.561035 0.007761 0.142578
9 0.269199 0.673340 0.007353 0.096680
9 0.278391 0.715332 0.006944 0.168945
9 0.110294 0.591553 0.008987 0.227051
