10 0.091912 0.267090 0.095588 0.115234
10 0.288603 0.524170 0.130310 0.164551
10 0.461806 0.468750 0.183415 0.129883
10 0.385008 0.353760 0.267565 0.164551
10 0.581699 0.342773 0.080882 0.192383
10 0.262459 0.746582 0.119690 0.197266
10 0.595384 0.778809 0.196487 0.143555
10 0.756944 0.883545 0.154412 0.068848
10 0.926266 0.909180 0.147467 0.050781
10 0.902982 0.967285 0.128676 0.059570
10 0.235090 0.128906 0.091095 0.102539
10 0.331904 0.135498 0.078023 0.118652
10 0.565768 0.137695 0.040033 0.116211
10 0.838644 0.609375 0.100490 0.141602
10 0.194649 0.363281 0.087010 0.114258
10 0.198529 0.247314 0.068627 0.088379
