10 0.279616 0.221191 0.003676 0.007812
10 0.442606 0.369385 0.003676 0.007324
10 0.456087 0.368652 0.007761 0.005859
10 0.444649 0.356934 0.004493 0.006836
10 0.453431 0.333984 0.004085 0.007812
10 0.430964 0.323242 0.004085 0.006836
10 0.470384 0.316895 0.005310 0.009766
10 0.450776 0.300781 0.007761 0.012695
10 0.473039 0.274414 0.004085 0.006836
10 0.291462 0.302979 0.003676 0.006348
10 0.296364 0.322266 0.004493 0.005859
10 0.335580 0.420166 0.003676 0.006348
10 0.356822 0.490723 0.007761 0.013672
10 0.360294 0.503662 0.004085 0.005371
10 0.510417 0.436523 0.003676 0.004883
10 0.516953 0.475342 0.007761 0.009277
10 0.536560 0.486084 0.003676 0.004395
10 0.532884 0.503662 0.007761 0.008301
10 0.535743 0.566162 0.004493 0.006348
10 0.494485 0.571045 0.003676 0.005371
10 0.512051 0.609375 0.004493 0.006836
10 0.502247 0.620117 0.005310 0.010742
10 0.513072 0.630127 0.004085 0.006348
10 0.541054 0.634766 0.008578 0.009766
10 0.543913 0.658936 0.004493 0.006348
10 0.450572 0.487061 0.004085 0.005371
10 0.390319 0.540283 0.002859 0.004395
10 0.408292 0.571289 0.003676 0.004883
10 0.450163 0.689697 0.004085 0.007324
10 0.462827 0.717529 0.004085 0.007324
10 0.502451 0.780273 0.003268 0.006836
10 0.556781 0.699463 0.003268 0.005371
10 0.559845 0.715332 0.002859 0.004883
10 0.559641 0.732422 0.003268 0.005859
10 0.536765 0.719238 0.004085 0.007812
10 0.544730 0.717773 0.004493 0.005859
10 0.546364 0.731689 0.004493 0.007324
10 0.547794 0.746826 0.004902 0.010254
10 0.555556 0.764648 0.004902 0.007812
10 0.568015 0.774902 0.005310 0.008789
10 0.556168 0.778076 0.003676 0.007324
10 0.559232 0.791016 0.004902 0.007812
10 0.586806 0.776123 0.002859 0.005371
10 0.585989 0.785400 0.004493 0.007324
10 0.610703 0.787354 0.004902 0.007324
10 0.625613 0.783447 0.003676 0.006348
10 0.636846 0.785889 0.005719 0.008301
10 0.651757 0.762207 0.003676 0.005859
10 0.596609 0.744385 0.003676 0.005371
10 0.596609 0.678223 0.003676 0.005859
10 0.649306 0.698486 0.002859 0.005371
10 0.529412 0.871094 0.005719 0.011719
10 0.602124 0.912598 0.004085 0.008789
10 0.624387 0.887939 0.004493 0.007324
10 0.676879 0.822998 0.003268 0.005371
10 0.761846 0.763428 0.004085 0.007324
10 0.797590 0.755127 0.004493 0.007324
10 0.759191 0.595215 0.005310 0.007812
10 0.767157 0.623779 0.004902 0.006348
10 0.716095 0.623291 0.004085 0.006348
10 0.862949 0.657715 0.007761 0.009766
