10 0.270833 0.223145 0.004085 0.008789
10 0.282475 0.304932 0.003676 0.007324
10 0.287173 0.324219 0.004085 0.005859
10 0.465074 0.275879 0.003676 0.009766
10 0.443015 0.302490 0.007761 0.013184
10 0.423203 0.324951 0.004085 0.007324
10 0.463031 0.317871 0.006127 0.010742
10 0.445466 0.335693 0.004493 0.008301
10 0.436479 0.358643 0.003676 0.006348
10 0.435253 0.371582 0.004493 0.005859
10 0.448325 0.370361 0.008578 0.006348
10 0.327002 0.421875 0.003676 0.005859
10 0.348448 0.492676 0.007353 0.014648
10 0.351920 0.505615 0.002859 0.004395
10 0.503268 0.437744 0.003268 0.005371
10 0.510417 0.476562 0.007761 0.010742
10 0.529820 0.487793 0.004085 0.004883
10 0.526144 0.505371 0.008170 0.007812
10 0.443423 0.489014 0.002859 0.004395
10 0.382761 0.541992 0.002451 0.003906
10 0.400735 0.572754 0.003268 0.003906
10 0.487745 0.572510 0.004085 0.004395
10 0.529208 0.567139 0.003676 0.006348
10 0.505310 0.610840 0.004085 0.006836
10 0.495711 0.621826 0.005310 0.011230
10 0.506740 0.631836 0.003676 0.006836
10 0.534926 0.636475 0.008578 0.009277
10 0.537990 0.660645 0.004085 0.007812
10 0.443627 0.690430 0.004085 0.005859
10 0.456495 0.718750 0.004493 0.007812
10 0.859681 0.658203 0.008578 0.010742
10 0.762663 0.624512 0.004085 0.006836
10 0.754289 0.596436 0.005310 0.008301
10 0.711193 0.624268 0.004902 0.006348
10 0.793709 0.754883 0.004902 0.007812
10 0.757557 0.763672 0.004493 0.006836
10 0.591095 0.679199 0.003268 0.004883
10 0.644199 0.698730 0.003268 0.005859
10 0.597426 0.913574 0.004493 0.006836
10 0.620098 0.888672 0.004902 0.007812
10 0.672590 0.823975 0.004493 0.006348
10 0.631944 0.787109 0.005719 0.008789
10 0.620711 0.784912 0.004493 0.007324
10 0.605801 0.788574 0.004902 0.007812
10 0.647059 0.763428 0.004085 0.006348
10 0.551266 0.700439 0.003676 0.005371
10 0.554534 0.715820 0.002859 0.003906
10 0.539216 0.718994 0.003268 0.005371
10 0.531250 0.719971 0.004493 0.007324
10 0.540850 0.732666 0.004085 0.007324
10 0.554126 0.733154 0.003676 0.005371
10 0.542279 0.747559 0.005310 0.008789
10 0.550245 0.765381 0.004902 0.008301
10 0.550858 0.779785 0.003676 0.006836
10 0.554330 0.792236 0.004902 0.008301
10 0.562704 0.776123 0.004493 0.008301
10 0.581087 0.786377 0.004493 0.007324
10 0.581495 0.777344 0.003676 0.005859
10 0.591912 0.745117 0.003268 0.004883
10 0.497345 0.781494 0.002859 0.005371
10 0.524510 0.871826 0.004902 0.010254
