10 0.894404 0.600098 0.007761 0.013672
10 0.850899 0.754639 0.013072 0.024902
10 0.839665 0.771729 0.011846 0.012207
10 0.828840 0.783936 0.013072 0.016113
10 0.877247 0.744141 0.011029 0.013672
10 0.886642 0.733154 0.014297 0.012207
10 0.894404 0.721436 0.011846 0.015137
10 0.901757 0.709717 0.011029 0.015137
10 0.909722 0.698242 0.010621 0.011719
9 0.118668 0.602051 0.018382 0.222656
9 0.321895 0.497803 0.044118 0.221191
9 0.187704 0.527832 0.033088 0.135742
9 0.036356 0.688232 0.053922 0.270020
9 0.086601 0.891357 0.054739 0.217285
9 0.361111 0.806152 0.053105 0.356445
9 0.612337 0.520508 0.028595 0.127930
9 0.656046 0.720459 0.057190 0.236816
9 0.719158 0.716797 0.052696 0.225586
9 0.776144 0.429688 0.029412 0.149414
9 0.525327 0.622314 0.039216 0.252441
9 0.551879 0.874268 0.067810 0.251465
9 0.952819 0.592285 0.021650 0.165039
9 0.822100 0.605713 0.037990 0.210449
9 0.273284 0.284912 0.022059 0.219238
