10 0.893382 0.599854 0.007353 0.013184
10 0.848856 0.753662 0.012255 0.028809
10 0.839869 0.771240 0.010621 0.012207
10 0.832721 0.778809 0.007761 0.010742
10 0.827410 0.786133 0.008578 0.016602
10 0.877859 0.743164 0.013889 0.014648
10 0.886846 0.731445 0.015523 0.014648
10 0.895833 0.720459 0.013889 0.013184
10 0.903595 0.708984 0.013072 0.014648
10 0.911765 0.695801 0.013889 0.016602
9 0.119485 0.586670 0.020016 0.172363
9 0.184641 0.503418 0.028595 0.151367
9 0.167688 0.729980 0.059232 0.180664
9 0.044730 0.683105 0.072304 0.220703
9 0.273693 0.257324 0.024510 0.326172
9 0.315155 0.486572 0.046160 0.203613
9 0.366830 0.800537 0.053922 0.398926
9 0.472018 0.407959 0.020833 0.124512
9 0.610498 0.538330 0.029003 0.221191
9 0.641748 0.345459 0.028595 0.157715
9 0.772263 0.400391 0.032271 0.197266
9 0.656658 0.724609 0.047794 0.278320
9 0.716912 0.700928 0.050654 0.234863
9 0.530229 0.670654 0.038399 0.290527
9 0.820261 0.549316 0.041667 0.326172
9 0.550245 0.910645 0.055556 0.178711
9 0.944240 0.499756 0.024918 0.202637
9 0.906046 0.533447 0.009804 0.056152
9 0.851511 0.370605 0.012663 0.084961
9 0.719363 0.291748 0.015523 0.121582
9 0.893178 0.554932 0.010212 0.059082
9 0.944649 0.699463 0.036356 0.124512
